<?xml version="1.0" encoding="UTF-8" standalone="no"?>
<!DOCTYPE svg PUBLIC "-//W3C//DTD SVG 20010904//EN"
              "http://www.w3.org/TR/2001/REC-SVG-20010904/DTD/svg10.dtd">

<svg xmlns="http://www.w3.org/2000/svg"
     width="399.373mm" height="90.9322mm"
     viewBox="0 0 4717 1074">
  <path id="Selection"
        fill=“black” stroke=“none”
        d="M 1968.00,902.00
           C 1968.00,902.00 3721.00,902.00 3721.00,902.00
             3721.00,902.00 4269.00,902.00 4269.00,902.00
             4269.00,902.00 4441.00,902.00 4441.00,902.00
             4441.00,902.00 4494.00,902.00 4494.00,902.00
             4494.00,902.00 4523.00,903.00 4523.00,903.00
             4524.04,899.22 4523.95,891.29 4524.00,887.00
             4524.00,887.00 4524.00,859.00 4524.00,859.00
             4524.00,859.00 4523.03,845.00 4523.03,845.00
             4523.03,845.00 4523.03,680.00 4523.03,680.00
             4523.03,680.00 4523.03,180.00 4523.03,180.00
             4523.03,180.00 4523.03,174.00 4523.03,174.00
             4523.31,168.44 4522.46,168.10 4517.00,168.00
             4517.00,168.00 4481.00,168.00 4481.00,168.00
             4478.60,168.00 4472.28,167.34 4470.60,168.77
             4468.66,170.41 4469.00,174.66 4469.00,177.00
             4469.00,177.00 4469.00,206.00 4469.00,206.00
             4469.00,206.00 4469.00,327.00 4469.00,327.00
             4469.00,327.00 4469.00,839.00 4469.00,839.00
             4469.00,841.45 4469.19,844.72 4467.98,846.89
             4464.00,854.01 4446.35,852.00 4439.00,852.01
             4439.00,852.01 4341.00,852.01 4341.00,852.01
             4341.00,852.01 3920.00,852.01 3920.00,852.01
             3920.00,852.01 2423.00,852.01 2423.00,852.01
             2423.00,852.01 1985.00,852.01 1985.00,852.01
             1981.89,852.00 1971.46,850.68 1969.60,852.01
             1967.27,853.81 1968.00,862.13 1968.00,865.00
             1968.00,865.00 1968.00,902.00 1968.00,902.00 Z
           M 227.00,899.00
           C 227.00,899.00 226.00,896.00 226.00,896.00
             226.00,896.00 225.00,902.00 225.00,902.00
             225.00,902.00 227.00,900.00 227.00,900.00
             229.33,902.60 231.68,901.99 235.00,902.04
             235.00,902.04 267.00,902.04 267.00,902.04
             267.00,902.04 273.00,902.04 273.00,902.04
             280.12,902.37 279.00,901.11 279.00,886.00
             279.00,886.00 279.00,832.00 279.00,832.00
             279.00,832.00 279.00,602.00 279.00,602.00
             279.00,602.00 279.00,236.00 279.00,236.00
             279.01,229.27 278.71,223.34 287.00,222.04
             287.00,222.04 293.00,222.04 293.00,222.04
             293.00,222.04 370.00,222.04 370.00,222.04
             370.00,222.04 670.00,222.04 670.00,222.04
             670.00,222.04 1954.00,222.04 1954.00,222.04
             1964.95,221.98 1962.11,220.42 1962.00,211.00
             1962.00,211.00 1962.00,186.00 1962.00,186.00
             1962.01,180.26 1964.89,173.00 1957.00,172.02
             1957.00,172.02 1952.00,172.02 1952.00,172.02
             1952.00,172.02 1871.00,172.02 1871.00,172.02
             1871.00,172.02 1573.00,172.02 1573.00,172.02
             1573.00,172.02 293.00,172.02 293.00,172.02
             293.00,172.02 273.00,170.00 273.00,170.00
             273.00,170.00 236.00,170.00 236.00,170.00
             233.70,170.00 229.59,169.62 228.02,171.60
             226.56,173.45 227.00,180.46 227.00,183.00
             227.00,183.00 227.00,212.00 227.00,212.00
             227.00,212.00 227.00,352.00 227.00,352.00
             227.00,352.00 227.00,899.00 227.00,899.00 Z
           M 225.00,171.00
           C 225.00,171.00 225.00,178.00 225.00,178.00
             225.00,178.00 225.00,171.00 225.00,171.00 Z
           M 1288.00,345.46
           C 1288.00,345.46 1276.00,347.83 1276.00,347.83
             1270.82,348.35 1269.07,347.58 1263.00,348.81
             1263.00,348.81 1253.00,351.91 1253.00,351.91
             1253.00,351.91 1245.00,353.55 1245.00,353.55
             1245.00,353.55 1238.00,356.54 1238.00,356.54
             1238.00,356.54 1230.00,358.83 1230.00,358.83
             1221.44,362.13 1205.01,371.58 1197.99,377.37
             1186.71,386.68 1177.02,398.56 1171.12,412.00
             1171.12,412.00 1168.94,419.00 1168.94,419.00
             1168.94,419.00 1166.25,425.00 1166.25,425.00
             1166.25,425.00 1164.45,435.00 1164.45,435.00
             1164.45,435.00 1161.20,444.00 1161.20,444.00
             1161.20,444.00 1161.20,453.00 1161.20,453.00
             1160.27,462.44 1159.44,468.29 1161.20,478.00
             1161.20,478.00 1164.60,487.00 1164.60,487.00
             1164.60,487.00 1166.25,495.00 1166.25,495.00
             1171.54,510.69 1182.62,528.15 1196.09,538.00
             1203.16,543.17 1210.91,547.98 1219.00,551.37
             1219.00,551.37 1225.00,553.37 1225.00,553.37
             1225.00,553.37 1232.00,556.44 1232.00,556.44
             1232.00,556.44 1242.00,558.10 1242.00,558.10
             1246.12,559.27 1246.68,560.36 1252.00,561.38
             1252.00,561.38 1261.00,562.39 1261.00,562.39
             1261.00,562.39 1270.00,565.47 1270.00,565.47
             1270.00,565.47 1283.00,567.45 1283.00,567.45
             1286.41,568.48 1287.80,569.73 1292.00,570.53
             1292.00,570.53 1302.00,571.55 1302.00,571.55
             1306.00,572.58 1306.94,574.22 1313.00,575.38
             1313.00,575.38 1323.00,576.22 1323.00,576.22
             1323.00,576.22 1338.00,581.84 1338.00,581.84
             1340.14,582.93 1342.07,584.47 1343.83,586.08
             1348.32,590.21 1352.33,595.28 1354.45,601.00
             1357.35,608.86 1359.73,613.04 1358.83,622.00
             1358.26,627.69 1357.47,627.63 1355.07,632.17
             1348.35,644.91 1348.83,642.83 1337.13,650.83
             1332.85,653.76 1328.06,657.34 1323.00,658.79
             1319.57,659.77 1303.07,660.99 1299.00,661.00
             1289.29,661.02 1279.63,660.98 1270.00,659.57
             1261.54,658.34 1262.56,657.14 1257.00,655.71
             1257.00,655.71 1249.00,654.28 1249.00,654.28
             1249.00,654.28 1243.00,651.27 1243.00,651.27
             1243.00,651.27 1236.00,649.04 1236.00,649.04
             1236.00,649.04 1217.00,638.68 1217.00,638.68
             1208.49,633.11 1199.68,626.91 1192.28,619.92
             1189.77,617.55 1186.05,612.92 1182.17,614.11
             1179.91,614.81 1175.30,618.99 1173.41,620.65
             1173.41,620.65 1160.85,630.24 1160.85,630.24
             1160.85,630.24 1143.83,643.69 1143.83,643.69
             1143.83,643.69 1134.25,650.85 1134.25,650.85
             1132.42,652.36 1125.77,656.76 1125.17,658.22
             1123.73,661.69 1128.56,665.16 1130.71,667.25
             1139.13,675.41 1143.54,679.72 1153.00,686.92
             1171.27,700.83 1187.36,710.26 1209.00,718.00
             1209.00,718.00 1216.00,720.99 1216.00,720.99
             1216.00,720.99 1225.00,722.79 1225.00,722.79
             1225.00,722.79 1234.00,725.88 1234.00,725.88
             1241.60,727.54 1243.84,726.55 1249.00,727.30
             1256.20,728.34 1258.96,730.88 1269.00,730.91
             1269.00,730.91 1297.00,730.91 1297.00,730.91
             1297.00,730.91 1314.00,727.17 1314.00,727.17
             1314.00,727.17 1332.00,725.80 1332.00,725.80
             1332.00,725.80 1342.00,722.53 1342.00,722.53
             1342.00,722.53 1352.00,721.29 1352.00,721.29
             1352.00,721.29 1360.00,718.32 1360.00,718.32
             1360.00,718.32 1367.00,716.67 1367.00,716.67
             1367.00,716.67 1373.00,714.05 1373.00,714.05
             1373.00,714.05 1380.00,711.57 1380.00,711.57
             1385.77,708.84 1395.75,702.14 1400.83,698.15
             1411.27,689.95 1424.38,671.15 1429.59,659.00
             1429.59,659.00 1431.47,653.00 1431.47,653.00
             1431.47,653.00 1434.28,647.00 1434.28,647.00
             1434.28,647.00 1436.18,637.00 1436.18,637.00
             1438.63,627.43 1439.98,630.19 1440.00,618.00
             1440.00,618.00 1440.00,607.00 1440.00,607.00
             1439.98,594.91 1438.78,598.76 1436.37,590.00
             1436.37,590.00 1434.43,580.00 1434.43,580.00
             1434.43,580.00 1431.49,574.00 1431.49,574.00
             1431.49,574.00 1429.47,568.17 1429.47,568.17
             1423.86,556.17 1417.57,547.12 1407.58,538.41
             1395.47,527.87 1381.22,518.92 1366.00,513.84
             1366.00,513.84 1359.00,512.16 1359.00,512.16
             1359.00,512.16 1352.00,509.32 1352.00,509.32
             1352.00,509.32 1326.00,503.15 1326.00,503.15
             1326.00,503.15 1316.00,499.53 1316.00,499.53
             1316.00,499.53 1307.00,498.31 1307.00,498.31
             1307.00,498.31 1300.00,495.41 1300.00,495.41
             1300.00,495.41 1286.00,493.67 1286.00,493.67
             1286.00,493.67 1276.00,490.33 1276.00,490.33
             1276.00,490.33 1269.00,489.32 1269.00,489.32
             1269.00,489.32 1255.09,483.28 1255.09,483.28
             1253.34,482.05 1252.28,480.66 1251.02,478.98
             1248.33,475.43 1244.26,468.14 1242.84,463.91
             1238.76,451.75 1244.30,439.58 1253.25,431.33
             1257.02,427.86 1264.26,422.25 1269.00,420.57
             1269.00,420.57 1281.00,418.37 1281.00,418.37
             1288.05,416.38 1294.51,414.75 1302.00,415.04
             1302.00,415.04 1316.00,416.39 1316.00,416.39
             1316.00,416.39 1323.00,418.65 1323.00,418.65
             1323.00,418.65 1335.00,420.42 1335.00,420.42
             1335.00,420.42 1343.00,424.13 1343.00,424.13
             1343.00,424.13 1349.00,425.57 1349.00,425.57
             1353.88,427.29 1363.25,432.43 1368.01,435.10
             1368.01,435.10 1386.27,447.18 1386.27,447.18
             1388.24,448.72 1391.34,451.96 1394.00,451.27
             1395.89,450.78 1403.16,443.11 1405.42,441.15
             1405.42,441.15 1434.87,414.75 1434.87,414.75
             1438.14,411.63 1446.57,406.14 1443.42,401.27
             1441.79,398.74 1436.25,394.31 1433.73,392.25
             1425.89,385.82 1417.87,380.29 1409.16,375.14
             1409.16,375.14 1386.00,363.13 1386.00,363.13
             1386.00,363.13 1380.00,361.10 1380.00,361.10
             1380.00,361.10 1374.00,358.26 1374.00,358.26
             1374.00,358.26 1366.00,356.33 1366.00,356.33
             1366.00,356.33 1359.00,353.55 1359.00,353.55
             1359.00,353.55 1351.00,352.32 1351.00,352.32
             1342.51,350.36 1342.14,348.15 1330.00,348.00
             1330.00,348.00 1288.00,345.46 1288.00,345.46 Z
           M 876.00,346.21
           C 876.00,346.21 865.00,347.91 865.00,347.91
             859.14,348.31 856.31,347.73 850.00,349.35
             850.00,349.35 842.00,352.22 842.00,352.22
             842.00,352.22 835.00,353.84 835.00,353.84
             805.93,363.49 781.81,379.31 761.93,402.75
             756.95,408.63 743.97,428.25 740.62,435.09
             740.62,435.09 734.74,449.00 734.74,449.00
             731.89,455.24 728.78,461.38 726.80,468.00
             726.80,468.00 725.22,476.00 725.22,476.00
             725.22,476.00 722.49,484.00 722.49,484.00
             722.49,484.00 720.48,495.00 720.48,495.00
             720.48,495.00 718.60,501.00 718.60,501.00
             717.05,506.89 717.07,512.97 717.00,519.00
             717.00,519.00 716.00,532.00 716.00,532.00
             716.00,532.00 716.00,549.00 716.00,549.00
             716.00,549.00 717.00,562.00 717.00,562.00
             717.07,568.28 716.80,573.84 718.62,580.00
             718.62,580.00 720.65,586.00 720.65,586.00
             720.65,586.00 722.67,596.00 722.67,596.00
             722.67,596.00 725.15,602.00 725.15,602.00
             725.15,602.00 726.96,610.00 726.96,610.00
             731.21,622.06 737.55,634.13 743.93,645.17
             761.72,675.98 775.39,690.26 805.83,708.77
             813.59,713.50 817.98,714.97 826.00,718.51
             826.00,718.51 832.00,721.31 832.00,721.31
             832.00,721.31 839.00,722.64 839.00,722.64
             839.00,722.64 847.00,725.77 847.00,725.77
             847.00,725.77 863.00,727.44 863.00,727.44
             870.64,728.63 878.18,730.97 886.00,730.97
             893.95,730.97 901.28,728.40 909.00,727.30
             909.00,727.30 921.00,726.72 921.00,726.72
             932.91,725.29 930.47,724.05 937.00,722.53
             937.00,722.53 946.00,720.99 946.00,720.99
             946.00,720.99 953.00,718.01 953.00,718.01
             953.00,718.01 959.00,716.32 959.00,716.32
             969.60,712.24 979.78,706.13 989.15,699.74
             1001.66,691.21 1013.84,681.37 1023.63,669.73
             1023.63,669.73 1031.37,659.00 1031.37,659.00
             1031.37,659.00 1036.74,652.00 1036.74,652.00
             1036.74,652.00 1052.14,621.00 1052.14,621.00
             1052.14,621.00 1054.32,613.00 1054.32,613.00
             1054.32,613.00 1057.06,606.00 1057.06,606.00
             1057.06,606.00 1058.54,599.00 1058.54,599.00
             1058.54,599.00 1061.37,590.00 1061.37,590.00
             1061.37,590.00 1063.17,573.00 1063.17,573.00
             1063.94,566.16 1065.90,561.99 1066.00,554.00
             1066.00,554.00 1066.00,520.00 1066.00,520.00
             1065.98,509.41 1064.72,511.29 1063.32,503.00
             1063.32,503.00 1061.54,489.00 1061.54,489.00
             1061.54,489.00 1058.78,480.00 1058.78,480.00
             1058.78,480.00 1057.06,472.00 1057.06,472.00
             1057.06,472.00 1054.40,465.00 1054.40,465.00
             1054.40,465.00 1052.39,457.00 1052.39,457.00
             1052.39,457.00 1049.32,450.00 1049.32,450.00
             1043.51,434.79 1036.04,419.85 1025.95,406.92
             1010.88,387.59 992.04,373.45 970.00,363.12
             970.00,363.12 964.00,360.95 964.00,360.95
             964.00,360.95 958.00,358.25 958.00,358.25
             958.00,358.25 951.00,356.55 951.00,356.55
             951.00,356.55 943.00,353.53 943.00,353.53
             943.00,353.53 936.00,352.52 936.00,352.52
             929.01,351.06 928.06,348.17 914.00,348.00
             914.00,348.00 882.00,346.21 882.00,346.21
             882.00,346.21 876.00,346.21 876.00,346.21 Z
           M 2090.00,589.00
           C 2089.93,596.49 2085.50,607.29 2082.06,614.00
             2072.79,632.14 2061.02,642.44 2043.00,651.11
             2043.00,651.11 2037.00,654.29 2037.00,654.29
             2037.00,654.29 2031.00,655.87 2031.00,655.87
             2031.00,655.87 2024.00,658.87 2024.00,658.87
             2024.00,658.87 2003.00,661.96 2003.00,661.96
             1999.37,662.10 1982.41,660.04 1979.00,659.06
             1979.00,659.06 1972.00,656.06 1972.00,656.06
             1972.00,656.06 1965.00,653.87 1965.00,653.87
             1948.06,646.21 1933.10,632.55 1923.34,616.72
             1923.34,616.72 1912.87,596.00 1912.87,596.00
             1912.87,596.00 1911.17,588.17 1911.17,588.17
             1911.17,588.17 1908.41,581.96 1908.41,581.96
             1906.63,574.93 1905.91,547.37 1906.00,539.00
             1906.00,539.00 1907.00,526.00 1907.00,526.00
             1907.09,518.20 1906.77,500.99 1908.41,494.00
             1908.41,494.00 1911.45,486.00 1911.45,486.00
             1911.45,486.00 1912.89,478.00 1912.89,478.00
             1912.89,478.00 1916.56,471.00 1916.56,471.00
             1925.53,452.31 1940.67,435.61 1959.17,425.89
             1959.17,425.89 1964.00,423.86 1964.00,423.86
             1964.00,423.86 1969.00,420.94 1969.00,420.94
             1971.19,419.88 1972.79,419.72 1975.00,419.03
             1984.53,416.05 1984.17,415.02 1995.00,415.00
             1995.00,415.00 2013.00,415.00 2013.00,415.00
             2023.48,415.13 2022.83,417.05 2030.00,419.20
             2030.00,419.20 2036.91,420.72 2036.91,420.72
             2036.91,420.72 2042.17,423.89 2042.17,423.89
             2042.17,423.89 2048.00,426.48 2048.00,426.48
             2057.12,431.69 2068.77,443.16 2074.49,452.00
             2074.49,452.00 2085.32,472.00 2085.32,472.00
             2085.32,472.00 2087.20,478.00 2087.20,478.00
             2088.49,481.29 2089.96,486.43 2094.06,486.42
             2098.87,486.40 2102.69,483.55 2107.00,482.00
             2107.00,482.00 2118.00,477.66 2118.00,477.66
             2118.00,477.66 2125.00,475.47 2125.00,475.47
             2125.00,475.47 2145.00,466.95 2145.00,466.95
             2145.00,466.95 2159.69,461.49 2159.69,461.49
             2160.85,460.81 2161.33,460.16 2161.67,458.86
             2162.50,455.65 2156.10,442.42 2154.33,439.00
             2144.21,419.41 2134.31,404.00 2117.91,388.87
             2104.15,376.18 2084.70,364.46 2067.00,358.48
             2067.00,358.48 2059.00,356.41 2059.00,356.41
             2059.00,356.41 2051.00,353.53 2051.00,353.53
             2051.00,353.53 2042.00,352.18 2042.00,352.18
             2042.00,352.18 2034.00,349.63 2034.00,349.63
             2034.00,349.63 2018.00,348.00 2018.00,348.00
             2018.00,348.00 1978.00,348.00 1978.00,348.00
             1966.03,348.14 1965.74,350.28 1957.00,352.32
             1957.00,352.32 1949.00,353.85 1949.00,353.85
             1949.00,353.85 1942.00,356.76 1942.00,356.76
             1900.70,370.95 1870.67,400.37 1850.88,439.00
             1850.88,439.00 1845.68,450.00 1845.68,450.00
             1845.68,450.00 1843.73,456.00 1843.73,456.00
             1843.73,456.00 1840.72,462.00 1840.72,462.00
             1840.72,462.00 1839.28,469.00 1839.28,469.00
             1839.28,469.00 1835.57,477.00 1835.57,477.00
             1835.57,477.00 1834.37,486.00 1834.37,486.00
             1833.44,489.28 1831.81,491.07 1831.21,495.00
             1831.21,495.00 1829.79,515.00 1829.79,515.00
             1829.79,515.00 1828.17,522.00 1828.17,522.00
             1826.79,529.57 1826.99,533.50 1827.00,541.00
             1827.01,548.91 1828.77,553.66 1829.79,561.00
             1829.79,561.00 1831.41,582.00 1831.41,582.00
             1831.41,582.00 1834.59,590.00 1834.59,590.00
             1834.59,590.00 1835.57,599.00 1835.57,599.00
             1835.57,599.00 1839.28,607.00 1839.28,607.00
             1839.28,607.00 1840.87,614.91 1840.87,614.91
             1840.87,614.91 1844.13,621.09 1844.13,621.09
             1844.13,621.09 1845.70,626.83 1845.70,626.83
             1845.70,626.83 1848.10,631.17 1848.10,631.17
             1848.10,631.17 1850.00,636.96 1850.00,636.96
             1850.00,636.96 1860.54,656.58 1860.54,656.58
             1876.10,681.72 1900.23,701.95 1927.00,714.03
             1927.00,714.03 1944.00,721.28 1944.00,721.28
             1944.00,721.28 1952.00,722.63 1952.00,722.63
             1952.00,722.63 1959.00,725.37 1959.00,725.37
             1964.15,726.88 1970.66,726.94 1976.00,727.00
             1976.00,727.00 2000.00,730.00 2000.00,730.00
             2012.36,730.14 2014.85,728.66 2026.00,727.29
             2026.00,727.29 2045.00,725.83 2045.00,725.83
             2045.00,725.83 2054.00,722.79 2054.00,722.79
             2054.00,722.79 2063.00,721.15 2063.00,721.15
             2063.00,721.15 2069.00,718.51 2069.00,718.51
             2085.87,711.48 2101.65,703.37 2115.41,690.96
             2132.47,675.58 2143.29,658.09 2153.78,638.00
             2153.78,638.00 2159.58,625.00 2159.58,625.00
             2160.55,623.00 2162.19,620.71 2161.37,618.37
             2159.65,613.48 2150.46,612.85 2146.42,610.64
             2139.92,607.08 2141.23,608.74 2136.00,606.61
             2136.00,606.61 2130.00,603.70 2130.00,603.70
             2130.00,603.70 2124.00,602.13 2124.00,602.13
             2124.00,602.13 2117.00,598.72 2117.00,598.72
             2117.00,598.72 2110.00,596.93 2110.00,596.93
             2103.92,594.51 2096.32,589.71 2090.00,589.00 Z
           M 393.00,354.00
           C 392.25,355.85 391.68,356.94 391.50,359.00
             391.50,359.00 392.00,386.00 392.00,386.00
             392.00,386.00 392.00,457.00 392.00,457.00
             392.00,457.00 392.00,705.00 392.00,705.00
             391.98,715.43 388.68,720.80 399.00,721.00
             399.00,721.00 454.00,721.00 454.00,721.00
             455.99,721.00 459.81,721.23 461.40,719.98
             463.10,718.63 462.96,715.95 463.00,714.00
             463.00,714.00 463.00,693.00 463.00,693.00
             463.00,693.00 463.00,602.00 463.00,602.00
             463.00,599.37 462.78,595.50 464.17,593.23
             467.13,588.39 481.64,590.00 487.00,590.00
             487.00,590.00 561.00,590.00 561.00,590.00
             573.92,589.98 570.11,587.80 579.00,585.68
             579.00,585.68 585.91,584.58 585.91,584.58
             585.91,584.58 592.09,581.47 592.09,581.47
             592.09,581.47 597.83,579.61 597.83,579.61
             597.83,579.61 602.17,577.03 602.17,577.03
             606.45,574.62 610.62,572.55 614.58,569.55
             629.39,558.35 642.92,539.84 650.71,523.00
             650.71,523.00 652.80,517.00 652.80,517.00
             652.80,517.00 655.58,511.00 655.58,511.00
             655.58,511.00 657.42,504.17 657.42,504.17
             658.52,501.34 660.05,500.30 660.86,496.99
             660.86,496.99 660.86,488.00 660.86,488.00
             660.86,488.00 662.00,475.00 662.00,475.00
             662.00,475.00 661.00,455.00 661.00,455.00
             660.79,437.03 659.76,445.16 657.18,435.91
             657.18,435.91 655.58,429.00 655.58,429.00
             655.58,429.00 652.79,423.00 652.79,423.00
             642.27,398.20 621.62,378.95 598.00,366.50
             592.75,363.73 588.81,361.31 583.00,359.40
             577.58,357.62 556.97,355.01 551.00,355.00
             551.00,355.00 448.00,355.00 448.00,355.00
             435.10,355.00 403.85,355.94 393.00,354.00 Z
           M 1501.51,355.04
           C 1498.10,358.88 1499.94,363.21 1500.00,368.00
             1500.00,368.00 1500.00,407.00 1500.00,407.00
             1499.99,410.89 1497.89,421.68 1502.30,423.08
             1502.30,423.08 1511.00,423.08 1511.00,423.08
             1511.00,423.08 1590.00,423.08 1590.00,423.08
             1599.37,423.01 1603.93,423.30 1604.00,434.00
             1604.00,434.00 1604.00,490.00 1604.00,490.00
             1604.00,490.00 1604.00,713.00 1604.00,713.00
             1604.02,724.48 1606.04,721.12 1616.00,721.00
             1616.00,721.00 1658.00,721.00 1658.00,721.00
             1661.60,721.01 1672.11,722.72 1674.31,720.35
             1675.87,718.68 1675.00,706.03 1675.00,703.00
             1675.00,703.00 1675.00,654.00 1675.00,654.00
             1675.00,654.00 1675.00,436.00 1675.00,436.00
             1675.00,433.66 1674.87,430.18 1675.74,428.04
             1678.63,420.93 1691.61,423.00 1698.00,423.00
             1698.00,423.00 1767.00,423.00 1767.00,423.00
             1778.07,423.02 1779.93,425.95 1780.00,416.00
             1780.00,416.00 1780.00,363.00 1780.00,363.00
             1780.00,360.86 1780.38,356.46 1778.40,355.04
             1777.10,354.22 1769.17,355.00 1767.00,355.04
             1767.00,355.04 1716.00,355.04 1716.00,355.04
             1716.00,355.04 1568.00,355.04 1568.00,355.04
             1568.00,355.04 1522.00,355.04 1522.00,355.04
             1522.00,355.04 1501.51,355.04 1501.51,355.04 Z
           M 3036.00,721.00
           C 3045.68,722.25 3042.68,721.10 3051.00,721.00
             3051.00,721.00 3092.00,721.00 3092.00,721.00
             3095.22,721.01 3104.38,722.54 3106.23,720.40
             3107.79,718.60 3107.00,706.06 3107.00,703.00
             3107.00,703.00 3107.00,654.00 3107.00,654.00
             3107.00,654.00 3107.00,436.00 3107.00,436.00
             3107.00,433.50 3106.81,430.30 3108.02,428.05
             3111.80,421.07 3126.01,423.00 3133.00,423.00
             3133.00,423.00 3187.00,423.00 3187.00,423.00
             3187.00,423.00 3213.10,423.00 3213.10,423.00
             3214.08,416.14 3213.08,416.44 3213.10,410.00
             3213.10,410.00 3213.10,370.00 3213.10,370.00
             3213.10,370.00 3213.10,362.00 3213.10,362.00
             3214.06,352.34 3206.42,354.92 3200.00,355.00
             3200.00,355.00 3150.00,355.00 3150.00,355.00
             3150.00,355.00 2944.00,355.00 2944.00,355.00
             2932.93,354.98 2931.07,352.05 2931.00,362.00
             2931.00,362.00 2931.00,415.00 2931.00,415.00
             2931.00,416.90 2930.77,420.89 2932.02,422.36
             2933.51,424.12 2941.44,423.00 2944.00,423.00
             2944.00,423.00 3023.00,423.00 3023.00,423.00
             3032.23,423.01 3035.93,423.77 3036.00,434.00
             3036.00,434.00 3036.00,492.00 3036.00,492.00
             3036.00,492.00 3036.00,721.00 3036.00,721.00 Z
           M 3705.43,355.01
           C 3704.68,355.86 3704.55,355.36 3703.74,357.15
             3702.51,359.85 3703.00,375.94 3703.00,380.00
             3703.00,380.00 3703.00,447.00 3703.00,447.00
             3703.00,447.00 3703.00,713.00 3703.00,713.00
             3703.00,715.24 3702.59,719.33 3704.57,720.91
             3706.36,722.15 3715.94,720.94 3719.00,720.91
             3719.00,720.91 3732.00,722.00 3732.00,722.00
             3732.00,722.00 3757.00,722.00 3757.00,722.00
             3757.00,722.00 3937.00,722.00 3937.00,722.00
             3937.00,722.00 3954.00,721.00 3954.00,721.00
             3954.00,721.00 3980.00,721.00 3980.00,721.00
             3982.56,721.00 3992.55,722.74 3993.09,719.68
             3993.44,717.75 3990.49,713.82 3989.51,712.00
             3989.51,712.00 3976.15,689.83 3976.15,689.83
             3976.15,689.83 3964.32,669.00 3964.32,669.00
             3964.32,669.00 3957.57,658.00 3957.57,658.00
             3957.57,658.00 3951.82,646.96 3951.82,646.96
             3951.82,646.96 3947.06,640.01 3947.06,640.01
             3947.06,640.01 3940.91,628.28 3940.91,628.28
             3940.91,628.28 3937.30,622.96 3937.30,622.96
             3937.30,622.96 3931.97,613.28 3931.97,613.28
             3931.97,613.28 3926.52,605.00 3926.52,605.00
             3926.52,605.00 3913.32,581.16 3913.32,581.16
             3912.09,578.68 3909.71,576.70 3910.01,574.07
             3910.62,568.63 3919.06,566.29 3923.00,563.97
             3934.65,557.11 3945.43,550.02 3954.59,539.91
             3962.53,531.15 3970.18,521.27 3974.30,510.00
             3974.30,510.00 3975.98,503.00 3975.98,503.00
             3978.78,493.61 3979.98,494.98 3980.00,484.00
             3980.00,484.00 3980.00,453.00 3980.00,453.00
             3979.90,444.37 3978.53,443.48 3976.43,436.00
             3973.20,424.52 3977.24,427.76 3967.45,411.00
             3967.45,411.00 3963.76,404.00 3963.76,404.00
             3954.94,389.91 3942.08,378.81 3928.00,370.26
             3928.00,370.26 3916.00,363.27 3916.00,363.27
             3916.00,363.27 3909.00,361.38 3909.00,361.38
             3909.00,361.38 3900.00,358.04 3900.00,358.04
             3894.58,356.70 3892.87,357.30 3888.00,356.83
             3888.00,356.83 3871.00,355.01 3871.00,355.01
             3871.00,355.01 3854.00,355.01 3854.00,355.01
             3854.00,355.01 3782.00,355.01 3782.00,355.01
             3782.00,355.01 3729.00,355.01 3729.00,355.01
             3729.00,355.01 3705.43,355.01 3705.43,355.01 Z
           M 2668.00,357.00
           C 2668.00,357.00 2669.00,371.00 2669.00,371.00
             2669.00,371.00 2669.00,482.00 2669.00,482.00
             2669.00,482.00 2669.00,704.00 2669.00,704.00
             2669.00,704.00 2668.00,721.00 2668.00,721.00
             2668.00,721.00 2692.00,721.00 2692.00,721.00
             2692.00,721.00 2740.00,721.00 2740.00,721.00
             2740.00,721.00 2890.00,721.00 2890.00,721.00
             2892.69,721.00 2901.51,722.33 2902.96,720.39
             2903.81,719.09 2903.01,712.10 2902.96,710.00
             2902.96,710.00 2902.96,666.00 2902.96,666.00
             2903.03,659.85 2904.33,657.91 2902.00,652.00
             2894.14,653.91 2864.09,653.00 2854.00,653.00
             2854.00,653.00 2758.00,653.00 2758.00,653.00
             2751.54,653.01 2742.52,654.69 2739.60,646.98
             2738.89,645.11 2739.00,642.04 2739.00,640.00
             2739.00,640.00 2739.00,566.00 2739.00,566.00
             2739.00,566.00 2739.00,370.00 2739.00,370.00
             2739.02,358.41 2741.87,356.02 2730.00,356.00
             2716.44,355.97 2678.99,355.03 2668.00,357.00 Z
           M 4091.00,721.00
           C 4097.32,722.80 4110.84,722.00 4118.00,722.00
             4118.00,722.00 4169.00,722.00 4169.00,722.00
             4169.00,722.00 4336.00,722.00 4336.00,722.00
             4338.47,722.00 4343.19,722.55 4344.12,719.69
             4344.12,719.69 4344.12,702.00 4344.12,702.00
             4344.00,690.19 4343.13,666.44 4345.00,656.00
             4339.22,653.45 4338.07,654.93 4332.00,655.00
             4332.00,655.00 4306.00,655.00 4306.00,655.00
             4306.00,655.00 4214.00,655.00 4214.00,655.00
             4203.01,654.98 4198.06,653.03 4198.00,641.00
             4198.00,641.00 4198.00,581.00 4198.00,581.00
             4198.00,578.59 4197.87,575.24 4198.74,573.00
             4202.10,564.36 4216.43,567.00 4224.00,567.00
             4224.00,567.00 4306.00,567.00 4306.00,567.00
             4314.64,566.98 4314.98,566.64 4315.00,558.00
             4315.00,558.00 4315.00,504.00 4315.00,504.00
             4315.00,504.00 4211.00,504.00 4211.00,504.00
             4201.94,503.99 4198.14,503.15 4198.00,493.00
             4198.00,493.00 4198.00,437.00 4198.00,437.00
             4198.00,434.50 4197.81,431.30 4199.02,429.05
             4202.88,421.91 4218.81,424.00 4226.00,424.00
             4226.00,424.00 4315.00,424.00 4315.00,424.00
             4318.10,424.00 4327.27,425.51 4328.99,423.26
             4330.08,421.78 4329.03,415.28 4328.99,413.00
             4328.99,413.00 4328.99,371.00 4328.99,371.00
             4329.02,359.63 4332.34,356.16 4323.00,356.00
             4323.00,356.00 4275.00,356.00 4275.00,356.00
             4275.00,356.00 4101.00,356.00 4101.00,356.00
             4099.01,356.00 4095.19,355.77 4093.60,357.02
             4091.05,359.04 4092.00,373.32 4092.00,377.00
             4092.00,377.00 4092.00,441.00 4092.00,441.00
             4092.00,441.00 4092.00,627.00 4092.00,627.00
             4092.00,627.00 4092.00,686.00 4092.00,686.00
             4092.00,696.40 4092.76,711.19 4091.00,721.00 Z
           M 2247.00,357.00
           C 2247.00,357.00 2247.00,529.00 2247.00,529.00
             2247.00,529.00 2246.00,546.00 2246.00,546.00
             2246.00,546.00 2246.00,577.00 2246.00,577.00
             2246.03,593.74 2249.38,594.84 2250.70,604.00
             2250.70,604.00 2251.39,615.00 2251.39,615.00
             2251.39,615.00 2254.90,624.00 2254.90,624.00
             2254.90,624.00 2256.68,631.83 2256.68,631.83
             2256.68,631.83 2259.32,637.09 2259.32,637.09
             2259.32,637.09 2261.13,643.00 2261.13,643.00
             2261.13,643.00 2264.50,649.00 2264.50,649.00
             2278.68,675.98 2299.81,697.22 2327.00,711.25
             2327.00,711.25 2333.00,713.87 2333.00,713.87
             2333.00,713.87 2348.00,721.28 2348.00,721.28
             2348.00,721.28 2355.00,722.87 2355.00,722.87
             2355.00,722.87 2362.00,725.79 2362.00,725.79
             2367.32,727.28 2370.85,726.63 2375.00,727.32
             2383.15,728.69 2383.52,730.95 2395.00,731.00
             2395.00,731.00 2403.00,731.00 2403.00,731.00
             2412.78,730.88 2414.05,728.48 2421.00,727.32
             2425.34,726.60 2427.67,727.52 2434.00,725.96
             2434.00,725.96 2443.00,722.63 2443.00,722.63
             2443.00,722.63 2450.00,721.13 2450.00,721.13
             2450.00,721.13 2466.00,713.82 2466.00,713.82
             2485.12,704.64 2498.52,694.70 2512.65,678.71
             2518.88,671.67 2524.50,663.66 2529.30,655.58
             2529.30,655.58 2531.87,650.28 2531.87,650.28
             2531.87,650.28 2534.59,645.91 2534.59,645.91
             2534.59,645.91 2536.38,641.17 2536.38,641.17
             2536.38,641.17 2539.30,635.91 2539.30,635.91
             2539.30,635.91 2540.70,631.00 2540.70,631.00
             2540.70,631.00 2544.43,623.00 2544.43,623.00
             2544.43,623.00 2545.33,611.00 2545.33,611.00
             2546.72,602.98 2548.98,605.71 2549.00,593.00
             2549.00,593.00 2549.00,533.00 2549.00,533.00
             2549.00,533.00 2549.00,371.00 2549.00,371.00
             2549.02,359.31 2552.39,357.07 2542.00,357.00
             2542.00,357.00 2487.00,357.00 2487.00,357.00
             2487.00,357.00 2472.00,358.00 2472.00,358.00
             2472.00,358.00 2327.00,358.00 2327.00,358.00
             2327.00,358.00 2310.00,357.00 2310.00,357.00
             2310.00,357.00 2247.00,357.00 2247.00,357.00 Z
           M 3282.00,357.00
           C 3282.00,357.00 3282.00,529.00 3282.00,529.00
             3282.00,529.00 3281.00,546.00 3281.00,546.00
             3281.00,546.00 3281.00,577.00 3281.00,577.00
             3281.03,593.74 3284.38,594.84 3285.70,604.00
             3285.70,604.00 3286.39,615.00 3286.39,615.00
             3286.39,615.00 3289.90,624.00 3289.90,624.00
             3289.90,624.00 3291.68,631.83 3291.68,631.83
             3291.68,631.83 3294.32,637.09 3294.32,637.09
             3294.32,637.09 3296.13,643.00 3296.13,643.00
             3296.13,643.00 3299.50,649.00 3299.50,649.00
             3313.68,675.98 3334.81,697.22 3362.00,711.25
             3362.00,711.25 3368.00,713.87 3368.00,713.87
             3368.00,713.87 3383.00,721.28 3383.00,721.28
             3383.00,721.28 3390.00,722.87 3390.00,722.87
             3390.00,722.87 3397.00,725.79 3397.00,725.79
             3402.32,727.28 3405.85,726.63 3410.00,727.32
             3418.15,728.69 3418.52,730.95 3430.00,731.00
             3430.00,731.00 3438.00,731.00 3438.00,731.00
             3447.78,730.88 3449.05,728.48 3456.00,727.32
             3460.34,726.60 3462.67,727.52 3469.00,725.96
             3469.00,725.96 3478.00,722.63 3478.00,722.63
             3478.00,722.63 3485.00,721.13 3485.00,721.13
             3485.00,721.13 3501.00,713.82 3501.00,713.82
             3520.12,704.64 3533.52,694.70 3547.65,678.71
             3553.88,671.67 3559.50,663.66 3564.30,655.58
             3564.30,655.58 3566.87,650.28 3566.87,650.28
             3566.87,650.28 3569.59,645.91 3569.59,645.91
             3569.59,645.91 3571.38,641.17 3571.38,641.17
             3571.38,641.17 3574.30,635.91 3574.30,635.91
             3574.30,635.91 3575.70,631.00 3575.70,631.00
             3575.70,631.00 3579.43,623.00 3579.43,623.00
             3579.43,623.00 3580.33,611.00 3580.33,611.00
             3581.72,602.98 3583.98,605.71 3584.00,593.00
             3584.00,593.00 3584.00,533.00 3584.00,533.00
             3584.00,533.00 3584.00,371.00 3584.00,371.00
             3584.02,359.31 3587.39,357.07 3577.00,357.00
             3577.00,357.00 3522.00,357.00 3522.00,357.00
             3522.00,357.00 3507.00,358.00 3507.00,358.00
             3507.00,358.00 3362.00,358.00 3362.00,358.00
             3362.00,358.00 3345.00,357.00 3345.00,357.00
             3345.00,357.00 3282.00,357.00 3282.00,357.00 " />
</svg>
